NPV: -79.3991
IRR: 0.0466961

NPV: -75.3832
IRR: 0.0476329

NPV: -24.1804
IRR: 0.122863